5.110957414270808075e-01
5.250145411249393934e-01
5.378092581055124999e-01
5.365915150353721685e-01
5.021391261481805701e-01
5.296618444783190993e-01
5.498882668932979501e-01
5.494759999145695240e-01
5.157514959364594143e-01
5.364720128944445721e-01
5.343388824663297676e-01
5.053370367149294662e-01
5.585420211030023285e-01
5.812317760027634339e-01
5.633077860836636086e-01
5.529233113298521740e-01
5.249240605667770954e-01
5.463355106610345846e-01
5.334202828441749755e-01
5.144716142354726074e-01
4.981949074253499421e-01
5.000302917132336544e-01
5.127441403340067261e-01
5.256309045725316986e-01
5.308646233436229434e-01
4.892826860397886390e-01
4.775950072324128270e-01
4.942805162060375790e-01
4.493362490019037203e-01
4.342671521692919034e-01
4.453836230336324364e-01
4.145823669968040082e-01
4.016987797616535238e-01
4.306088634344062971e-01
4.375091939153615272e-01
4.370628368297422850e-01
4.557509375528148721e-01
4.671861926859097180e-01
4.893546165939215431e-01
4.858781262776868948e-01
5.514253216992333062e-01
5.654000734413143769e-01
5.716179591277162908e-01
5.724398834959746329e-01
5.611725665444783351e-01
5.493084950900182228e-01
5.628244718478543351e-01
5.483467617532125082e-01
5.643175964634321584e-01
5.594039810907502908e-01
5.691815057549872714e-01
5.779869150358494245e-01
5.622708665123293814e-01
5.821459088717613195e-01
5.966198882406914539e-01
6.003264069720370966e-01
5.987326259409193607e-01
5.880327592493614919e-01
5.638770560169251711e-01
5.511863578588065415e-01
5.523664752746573203e-01
5.676007459773639852e-01
5.732303877379389956e-01
5.855582203302530653e-01
5.832749040237699134e-01
6.010343370845769861e-01
5.917656367968102682e-01
6.170707166389269860e-01
6.122410810921780078e-01
6.133265383582046093e-01
5.929659066509098686e-01
5.852797138998385718e-01
6.023440506132700101e-01
5.905329288898052420e-01
5.879608901159129042e-01
5.788418074482020170e-01
5.770007647101949022e-01
6.102146464851542218e-01
6.259711928148863347e-01
6.319264393590043882e-01
6.462952997973637759e-01
6.497272952399549828e-01
6.241545663136268685e-01
6.437018597376754636e-01
6.317465412132956537e-01
6.014432773142940336e-01
5.925246206023098150e-01
5.936321521344827268e-01
5.937807166252261348e-01
5.775614953734350410e-01
5.231007837086206758e-01
5.079739091242346793e-01
5.086804754899229009e-01
5.280096829619124188e-01
5.191807079906329836e-01
5.739197344006583545e-01
5.632516344922108287e-01
5.424518780031728493e-01
5.611575385597858956e-01
5.660054483438580197e-01
